2.85776
2.51766
1.17802
31.301
41.7568
15.0807
15.1997
0.54455
2.09043
9.24655
9.06606
14.0653
1.63204
4.22322
44.6333
3.09535
22.984
13.861
5.32647
3.08053
4.02063
3.50516
10.9626
5.29025
23.2477
25.6718
0.170361
8.09829
9.2991
14.0156
10.506
1.8498
1.52055
0.6524
1.82129
14.6048
3.68208
41.8486
3.92776
20.3857
6.72064
20.2894
11.614
4.89303
11.2141
8.02801
2.6629
7.40643
6.76412
14.0142
30.0606
0.525285
8.47174
19.9293
2.1636
8.24568
10.1291
1.93728
7.06142
5.73221
10.3059
34.7365
15.1521
0.430877
14.3268
1.99285
7.26613
12.0031
5.70318
6.86716
0.0815024
3.25064
12.8126
11.3648
2.68819
7.10692
47.3905
11.2421
21.9795
12.23
3.54572
1.02908
7.80149
10.1693
3.53199
20.5385
0.653688
9.45437
9.06781
12.4315
42.4714
3.36884
18.1499
2.88978
8.16098
5.64201
12.0958
6.26713
12.0429
2.80271
