0.0815024    0.00990099

0.170361    0.019802

0.430877    0.029703

0.525285    0.039604

0.54455    0.049505

0.6524    0.0594059

0.653688    0.0693069

1.02908    0.0792079

1.17802    0.0891089

1.52055    0.0990099

1.63204    0.108911

1.82129    0.118812

1.8498    0.128713

1.93728    0.138614

1.99285    0.148515

2.09043    0.158416

2.1636    0.168317

2.51766    0.178218

2.6629    0.188119

2.68819    0.19802

2.80271    0.207921

2.85776    0.217822

2.88978    0.227723

3.08053    0.237624

3.09535    0.247525

3.25064    0.257426

3.36884    0.267327

3.50516    0.277228

3.53199    0.287129

3.54572    0.29703

3.68208    0.306931

3.92776    0.316832

4.02063    0.326733

4.22322    0.336634

4.89303    0.346535

5.29025    0.356436

5.32647    0.366337

5.64201    0.376238

5.70318    0.386139

5.73221    0.39604

6.26713    0.405941

6.72064    0.415842

6.76412    0.425743

6.86716    0.435644

7.06142    0.445545

7.10692    0.455446

7.26613    0.465347

7.40643    0.475248

7.80149    0.485149

8.02801    0.49505

8.09829    0.50495

8.16098    0.514851

8.24568    0.524752

8.47174    0.534653

9.06606    0.544554

9.06781    0.554455

9.24655    0.564356

9.2991    0.574257

9.45437    0.584158

10.1291    0.594059

10.1693    0.60396

10.3059    0.613861

10.506    0.623762

10.9626    0.633663

11.2141    0.643564

11.2421    0.653465

11.3648    0.663366

11.614    0.673267

12.0031    0.683168

12.0429    0.693069

12.0958    0.70297

12.23    0.712871

12.4315    0.722772

12.8126    0.732673

13.861    0.742574

14.0142    0.752475

14.0156    0.762376

14.0653    0.772277

14.3268    0.782178

14.6048    0.792079

15.0807    0.80198

15.1521    0.811881

15.1997    0.821782

18.1499    0.831683

19.9293    0.841584

20.2894    0.851485

20.3857    0.861386

20.5385    0.871287

21.9795    0.881188

22.984    0.891089

23.2477    0.90099

25.6718    0.910891

30.0606    0.920792

31.301    0.930693

34.7365    0.940594

41.7568    0.950495

41.8486    0.960396

42.4714    0.970297

44.6333    0.980198

47.3905    0.990099

