8.62802    0.00990099

8.72389    0.019802

8.87333    0.029703

8.91084    0.039604

8.91791    0.049505

8.95472    0.0594059

8.95513    0.0693069

9.05855    0.0792079

9.0929    0.0891089

9.16307    0.0990099

9.1839    0.108911

9.21748    0.118812

9.22237    0.128713

9.23712    0.138614

9.2463    0.148515

9.26209    0.158416

9.27368    0.168317

9.32704    0.178218

9.34782    0.188119

9.35137    0.19802

9.36729    0.207921

9.37482    0.217822

9.37917    0.227723

9.40461    0.237624

9.40656    0.247525

9.42668    0.257426

9.44169    0.267327

9.45871    0.277228

9.46202    0.287129

9.46372    0.29703

9.48036    0.306931

9.50966    0.316832

9.52053    0.326733

9.54387    0.336634

9.61791    0.346535

9.65992    0.356436

9.66368    0.366337

9.69613    0.376238

9.70234    0.386139

9.70528    0.39604

9.75852    0.405941

9.80245    0.415842

9.80661    0.425743

9.81644    0.435644

9.83483    0.445545

9.83911    0.455446

9.85404    0.465347

9.86711    0.475248

9.90351    0.485149

9.92414    0.49505

9.9305    0.50495

9.93617    0.514851

9.94381    0.524752

9.96408    0.534653

10.0167    0.544554

10.0169    0.554455

10.0325    0.564356

10.0371    0.574257

10.0506    0.584158

10.1087    0.594059

10.1122    0.60396

10.1238    0.613861

10.1408    0.623762

10.1794    0.633663

10.2004    0.643564

10.2028    0.653465

10.213    0.663366

10.2338    0.673267

10.266    0.683168

10.2693    0.693069

10.2737    0.70297

10.2847    0.712871

10.3013    0.722772

10.3325    0.732673

10.4177    0.742574

10.43    0.752475

10.4301    0.762376

10.4341    0.772277

10.4552    0.782178

10.4775    0.792079

10.5156    0.80198

10.5213    0.811881

10.5251    0.821782

10.7589    0.831683

10.8988    0.841584

10.9271    0.851485

10.9347    0.861386

10.9467    0.871287

11.0598    0.881188

11.1387    0.891089

11.1595    0.90099

11.3505    0.910891

11.7001    0.920792

11.7999    0.930693

12.0796    0.940594

12.6673    0.950495

12.6751    0.960396

12.7284    0.970297

12.9151    0.980198

13.1568    0.990099

