9.37482
9.32704
9.0929
11.7999
12.6673
10.5156
10.5251
8.91791
9.26209
10.0325
10.0167
10.4341
9.1839
9.54387
12.9151
9.40656
11.1387
10.4177
9.66368
9.40461
9.52053
9.45871
10.1794
9.65992
11.1595
11.3505
8.72389
9.9305
10.0371
10.4301
10.1408
9.22237
9.16307
8.95472
9.21748
10.4775
9.48036
12.6751
9.50966
10.9347
9.80245
10.9271
10.2338
9.61791
10.2004
9.92414
9.34782
9.86711
9.80661
10.43
11.7001
8.91084
9.96408
10.8988
9.27368
9.94381
10.1087
9.23712
9.83483
9.70528
10.1238
12.0796
10.5213
8.87333
10.4552
9.2463
9.85404
10.266
9.70234
9.81644
8.62802
9.42668
10.3325
10.213
9.35137
9.83911
13.1568
10.2028
11.0598
10.2847
9.46372
9.05855
9.90351
10.1122
9.46202
10.9467
8.95513
10.0506
10.0169
10.3013
12.7284
9.44169
10.7589
9.37917
9.93617
9.69613
10.2737
9.75852
10.2693
9.36729
