9.29222
9.23268
8.93639
11.9733
12.7999
10.6305
10.641
8.70995
9.15124
10.0824
10.064
10.5398
9.05244
9.50048
13.0256
9.3316
11.3013
10.5214
9.64587
9.32919
9.47195
9.39604
10.2517
9.64133
11.3229
11.5208
8.45361
9.96327
10.0877
10.5353
10.2075
9.10116
9.02599
8.75794
9.09498
10.5881
9.42267
12.8071
9.45864
11.0858
9.81203
11.0778
10.3138
9.59054
10.2758
9.9558
9.2586
9.88863
9.81697
10.5352
11.8742
8.7007
10.0026
11.0476
9.16581
9.97887
10.1706
9.11978
9.85045
9.69592
10.1879
12.2463
10.6368
8.65154
10.5633
9.13135
9.87319
10.3505
9.69239
9.82864
8.32483
9.3565
10.4257
10.2902
9.26304
9.85552
13.2417
10.2785
11.2184
10.3717
9.4022
8.89229
9.93155
10.1745
9.40012
11.0986
8.75848
10.1034
10.0642
10.3905
12.856
9.37505
10.897
9.29762
9.96992
9.68493
10.3592
9.75968
10.3542
9.28285
