7.82876    0

8.05126    0.00990099

8.37624    0.019802

8.45385    0.029703

8.46832    0.039604

8.54272    0.049505

8.54355    0.0594059

8.74505    0.0693069

8.80962    0.0792079

8.93805    0.0891089

8.97527    0.0990099

9.03449    0.108911

9.04303    0.118812

9.06866    0.128713

9.08451    0.138614

9.11162    0.148515

9.13137    0.158416

9.22087    0.168317

9.25508    0.178218

9.2609    0.188119

9.28681    0.19802

9.29901    0.207921

9.30604    0.217822

9.34682    0.227723

9.34992    0.237624

9.38178    0.247525

9.40536    0.257426

9.43187    0.267327

9.43701    0.277228

9.43963    0.287129

9.46528    0.29703

9.50996    0.306931

9.52637    0.316832

9.56132    0.326733

9.66968    0.336634

9.7295    0.346535

9.7348    0.356436

9.78012    0.366337

9.78872    0.376238

9.79278    0.386139

9.86539    0.39604

9.92397    0.405941

9.92946    0.415842

9.94237    0.425743

9.9664    0.435644

9.97197    0.445545

9.9913    0.455446

10.0081    0.465347

10.0545    0.475248

10.0805    0.485149

10.0885    0.49505

10.0955    0.50495

10.1051    0.514851

10.1302    0.524752

10.1944    0.534653

10.1946    0.544554

10.2134    0.554455

10.2189    0.564356

10.235    0.574257

10.3035    0.584158

10.3075    0.594059

10.321    0.60396

10.3406    0.613861

10.3845    0.623762

10.4083    0.633663

10.4109    0.643564

10.4224    0.653465

10.4455    0.663366

10.481    0.673267

10.4846    0.683168

10.4894    0.693069

10.5014    0.70297

10.5194    0.712871

10.5529    0.722772

10.6424    0.732673

10.6552    0.742574

10.6553    0.752475

10.6594    0.762376

10.681    0.772277

10.7037    0.782178

10.742    0.792079

10.7477    0.80198

10.7515    0.811881

10.9753    0.821782

11.1012    0.831683

11.126    0.841584

11.1326    0.851485

11.143    0.861386

11.2394    0.871287

11.3048    0.881188

11.3217    0.891089

11.4731    0.90099

11.7308    0.910891

11.8004    0.920792

11.9869    0.930693

12.344    0.940594

12.3485    0.950495

12.3789    0.960396

12.4828    0.970297

12.6124    0.980198

