9.29901
9.22087
8.80962
11.8004
12.344
10.742
10.7515
8.46832
9.11162
10.2134
10.1944
10.6594
8.97527
9.56132
12.4828
9.34992
11.3048
10.6424
9.7348
9.34682
9.52637
9.43187
10.3845
9.7295
11.3217
11.4731
8.05126
10.0885
10.2189
10.6553
10.3406
9.04303
8.93805
8.54272
9.03449
10.7037
9.46528
12.3485
9.50996
11.1326
9.92397
11.126
10.4455
9.66968
10.4083
10.0805
9.25508
10.0081
9.92946
10.6552
11.7308
8.45385
10.1302
11.1012
9.13137
10.1051
10.3035
9.06866
9.9664
9.79278
10.321
11.9869
10.7477
8.37624
10.681
9.08451
9.9913
10.481
9.78872
9.94237
7.82876
9.38178
10.5529
10.4224
9.2609
9.97197
12.6124
10.4109
11.2394
10.5014
9.43963
8.74505
10.0545
10.3075
9.43701
11.143
8.54355
10.235
10.1946
10.5194
12.3789
9.40536
10.9753
9.30604
10.0955
9.78012
10.4894
9.86539
10.4846
9.28681
