6.69994    0.00990099

7.2748    0.019802

7.99828    0.029703

8.15275    0.039604

8.18084    0.049505

8.32173    0.0594059

8.32327    0.0693069

8.67708    0.0792079

8.78247    0.0891089

8.98148    0.0990099

9.03666    0.108911

9.1222    0.118812

9.13431    0.128713

9.17034    0.138614

9.19239    0.148515

9.22966    0.158416

9.25648    0.168317

9.37465    0.178218

9.41838    0.188119

9.42575    0.19802

9.45828    0.207921

9.47345    0.217822

9.48213    0.227723

9.53197    0.237624

9.53572    0.247525

9.57388    0.257426

9.60173    0.267327

9.63266    0.277228

9.6386    0.287129

9.64163    0.29703

9.67105    0.306931

9.72141    0.316832

9.73963    0.326733

9.77796    0.336634

9.89275    0.346535

9.95361    0.356436

9.95892    0.366337

10.0038    0.376238

10.0122    0.386139

10.0162    0.39604

10.0857    0.405941

10.1402    0.415842

10.1452    0.425743

10.157    0.435644

10.1788    0.445545

10.1838    0.455446

10.201    0.465347

10.216    0.475248

10.2565    0.485149

10.2788    0.49505

10.2856    0.50495

10.2916    0.514851

10.2997    0.524752

10.3207    0.534653

10.3736    0.544554

10.3738    0.554455

10.389    0.564356

10.3934    0.574257

10.4063    0.584158

10.4601    0.594059

10.4631    0.60396

10.4735    0.613861

10.4885    0.623762

10.5217    0.633663

10.5394    0.643564

10.5413    0.653465

10.5498    0.663366

10.5667    0.673267

10.5924    0.683168

10.595    0.693069

10.5984    0.70297

10.607    0.712871

10.6198    0.722772

10.6433    0.732673

10.7046    0.742574

10.7132    0.752475

10.7133    0.762376

10.716    0.772277

10.7304    0.782178

10.7454    0.792079

10.7704    0.80198

10.7741    0.811881

10.7765    0.821782

10.9148    0.831683

10.9877    0.841584

11.0017    0.851485

11.0054    0.861386

11.0112    0.871287

11.0641    0.881188

11.0989    0.891089

11.1078    0.90099

11.1852    0.910891

11.3082    0.920792

11.3397    0.930693

11.4209    0.940594

11.5645    0.950495

11.5662    0.960396

11.5777    0.970297

11.6164    0.980198

11.6631    0.990099

