9.47345
9.37465
8.78247
11.3397
11.5645
10.7704
10.7765
8.18084
9.22966
10.389
10.3736
10.716
9.03666
9.77796
11.6164
9.53572
11.0989
10.7046
9.95892
9.53197
9.73963
9.63266
10.5217
9.95361
11.1078
11.1852
7.2748
10.2856
10.3934
10.7133
10.4885
9.13431
8.98148
8.32173
9.1222
10.7454
9.67105
11.5662
9.72141
11.0054
10.1402
11.0017
10.5667
9.89275
10.5394
10.2788
9.41838
10.216
10.1452
10.7132
11.3082
8.15275
10.3207
10.9877
9.25648
10.2997
10.4601
9.17034
10.1788
10.0162
10.4735
11.4209
10.7741
7.99828
10.7304
9.19239
10.201
10.5924
10.0122
10.157
6.69994
9.57388
10.6433
10.5498
9.42575
10.1838
11.6631
10.5413
11.0641
10.607
9.64163
8.67708
10.2565
10.4631
9.6386
11.0112
8.32327
10.4063
10.3738
10.6198
11.5777
9.60173
10.9148
9.48213
10.2916
10.0038
10.5984
10.0857
10.595
9.45828
