-0.678703
-0.763301
-1.22069
1.70951
2.161
0.76746
0.77631
-1.61679
-0.882792
0.261562
0.242876
0.690047
-1.03393
-0.399833
2.27308
-0.623972
1.27934
0.67404
-0.21957
-0.627294
-0.43655
-0.536487
0.428129
-0.225038
1.29434
1.42753
-2.12309
0.138171
0.266956
0.686165
0.385614
-0.958538
-1.0756
-1.52911
-0.968008
0.731612
-0.501041
2.16465
-0.453834
1.12544
-0.0266323
1.11951
0.486812
-0.286857
0.451055
0.130245
-0.726184
0.0580171
-0.0210926
0.686057
1.65021
-1.63394
0.179525
1.09716
-0.861086
0.154643
0.34958
-0.930171
0.0161357
-0.160044
0.366588
1.86666
0.772777
-1.7264
0.710318
-0.912659
0.0411491
0.520835
-0.164202
-0.00806297
-2.40404
-0.589868
0.589367
0.464632
-0.719878
0.0217367
2.37659
0.453588
1.2212
0.54034
-0.528247
-1.29443
0.104377
0.353461
-0.531029
1.13482
-1.52814
0.282776
0.243058
0.557466
2.18926
-0.564707
0.982811
-0.671132
0.145201
-0.173012
0.528836
-0.0859865
0.524278
-0.691864
-0.393996
0.888853
-1.97231
0.176106
0.570914
1.29089
-0.814364
1.38246
0.0709047
0.287106
-0.693456
0.269613
0.333556
-0.113948
-1.66159
0.421716
-1.01028
0.0366683
-1.23256
-1.54472
0.958567
-0.697434
1.27914
-0.409495
0.363959
1.18827
0.0896607
0.592128
-2.90186
0.385338
-1.12906
-1.05916
-0.50138
-0.84593
-0.994645
-0.415311
-0.761889
-0.202621
-0.712983
0.883896
-0.14338
1.0882
1.91772
-0.206447
-1.1237
1.12771
0.616592
-0.353435
0.786002
-0.971364
0.192033
-1.54487
-1.5675
0.506395
-0.199924
-0.752725
0.921903
0.350286
0.511128
-0.294712
0.0341662
0.55215
1.04828
0.614954
0.303372
-0.286191
-0.193909
-1.30543
1.31149
0.116466
-0.717678
-0.581784
0.013655
0.248383
-0.879629
-0.651163
-0.430621
-1.6322
2.2591
1.92947
0.271342
0.581257
-1.50861
-0.243155
-0.455951
-0.728343
-0.867603
-0.152479
1.38027
0.286093
1.33631
-1.94788
0.175922
1.10532
0.736809
1.12976
0.559616
-0.764886
0.260858
-0.631699
1.19396
0.382553
-0.742968
0.872131
-0.840667
0.316146
0.088693
-1.03324
-1.60405
-1.07318
1.07582
-0.174284
-0.319535
1.43213
0.323498
0.422977
-1.57687
0.9708
0.755997
1.55333
-0.719448
-0.767345
1.41861
0.229854
-1.70034
0.30215
0.715196
0.471943
-0.560737
-0.132385
0.927948
-0.364604
0.0213355
0.715638
-1.28307
0.13489
1.60068
1.34865
0.347678
-2.17087
1.14769
-0.854979
0.402646
0.156277
-0.721652
-0.180243
0.153677
-1.80498
0.883001
1.69677
0.42352
-0.824144
-0.212766
0.357707
-0.480093
0.708735
0.0708736
0.520497
0.644115
-0.811266
-0.835701
3.15956
-2.03785
-0.405208
1.72729
0.660115
0.432961
0.183571
0.990696
0.0532255
0.739588
-0.0438055
0.362296
1.16832
-0.25831
2.76506
0.356391
0.410683
-1.27651
0.641229
-2.50606
0.237546
-1.72102
1.31964
-0.128064
-0.491666
0.835746
0.714293
-0.214533
2.45177
-0.158433
3.0271
0.676104
-0.246483
1.61875
0.433194
-0.620834
-1.47222
-0.245459
-0.130616
-0.597767
-0.343367
-1.68236
-1.12377
-0.0233613
0.331511
0.852158
1.06447
-0.928179
-0.820392
-1.20961
-0.21882
1.30293
0.288175
-0.597401
-0.381377
0.643534
-0.328296
-0.560085
-1.43326
0.0912708
-0.778154
0.32008
0.653193
-0.0837835
-0.189703
0.364722
-2.82807
-0.366077
1.77686
-2.07142
-1.29361
0.868048
-1.14514
0.927836
0.0756572
0.756907
0.67011
1.72638
2.03499
0.00859184
0.699236
0.0416892
0.505202
-1.55878
0.427755
0.585874
0.248563
-0.167083
0.458502
0.339832
-0.730581
0.219916
0.150029
-1.55167
-0.0352907
-0.180164
-0.148435
0.223539
-0.393596
0.428719
-2.10192
0.0684254
-0.940582
0.258847
-0.460128
-2.15777
-0.192472
-0.145045
-0.0287018
-0.207506
-1.5194
-1.37987
1.92432
-1.08695
-1.737
0.390133
-0.341033
-0.356266
-1.35267
-0.411868
-0.643321
0.596381
1.09735
-0.867542
0.968206
-0.136451
-1.06712
2.6673
-0.141585
-2.30583
0.731752
-0.594801
1.03066
1.36312
-0.308128
1.06396
-0.752535
-0.611845
-0.372833
-1.25193
-0.369668
-0.863725
-0.726786
-0.675921
0.448261
-0.749457
1.66048
-0.1756
1.32287
0.0467777
-0.311676
0.441872
0.9715
0.905125
-0.849501
-0.838233
-0.893488
0.433152
0.403525
0.712207
1.48246
-1.65792
-0.200775
-2.95218
0.404842
-0.898093
2.44414
-0.912296
1.19706
0.42398
0.346047
-0.67556
-0.497043
-0.523435
0.754465
-0.0792536
-2.08262
-0.789772
-0.61296
-0.28363
0.183664
0.272175
-1.33958
0.768259
-0.389665
1.68714
0.627564
0.918665
1.78372
-1.2592
-0.00578773
1.00369
-0.879548
-0.613664
1.12434
-0.2757
0.644547
0.904641
0.0469492
-0.723137
-1.20907
-0.837469
0.650835
-0.691473
1.1725
3.17319
-0.853951
-0.484887
0.40682
-0.940081
-0.0533894
2.40514
0.139762
0.506773
-1.25853
-0.0405796
-0.561596
1.52778
-0.451298
0.616167
0.254698
1.19309
-0.807186
0.445644
-0.251566
0.785754
0.30874
-0.763619
1.22198
-0.650934
1.3139
0.0756865
0.356587
-0.226604
0.155804
0.318674
2.23455
-0.607483
2.08469
