-2.95218    0

-2.90186    0.00199601

-2.82807    0.00399202

-2.50606    0.00598802

-2.40404    0.00798403

-2.30583    0.00998004

-2.17087    0.011976

-2.15777    0.0139721

-2.12309    0.0159681

-2.10192    0.0179641

-2.08262    0.0199601

-2.07142    0.0219561

-2.03785    0.0239521

-1.97231    0.0259481

-1.94788    0.0279441

-1.80498    0.0299401

-1.737    0.0319361

-1.7264    0.0339321

-1.72102    0.0359281

-1.70034    0.0379242

-1.68236    0.0399202

-1.66159    0.0419162

-1.65792    0.0439122

-1.63394    0.0459082

-1.6322    0.0479042

-1.61679    0.0499002

-1.60405    0.0518962

-1.57687    0.0538922

-1.5675    0.0558882

-1.55878    0.0578842

-1.55167    0.0598802

-1.54487    0.0618762

-1.54472    0.0638723

-1.52911    0.0658683

-1.52814    0.0678643

-1.5194    0.0698603

-1.50861    0.0718563

-1.47222    0.0738523

-1.43326    0.0758483

-1.37987    0.0778443

-1.35267    0.0798403

-1.33958    0.0818363

-1.30543    0.0838323

-1.29443    0.0858283

-1.29361    0.0878244

-1.28307    0.0898204

-1.27651    0.0918164

-1.2592    0.0938124

-1.25853    0.0958084

-1.25193    0.0978044

-1.23256    0.0998004

-1.22069    0.101796

-1.20961    0.103792

-1.20907    0.105788

-1.14514    0.107784

-1.12906    0.10978

-1.12377    0.111776

-1.1237    0.113772

-1.08695    0.115768

-1.0756    0.117764

-1.07318    0.11976

-1.06712    0.121756

-1.05916    0.123752

-1.03393    0.125749

-1.03324    0.127745

-1.01028    0.129741

-0.994645    0.131737

-0.971364    0.133733

-0.968008    0.135729

-0.958538    0.137725

-0.940582    0.139721

-0.940081    0.141717

-0.930171    0.143713

-0.928179    0.145709

-0.912659    0.147705

-0.912296    0.149701

-0.898093    0.151697

-0.893488    0.153693

-0.882792    0.155689

-0.879629    0.157685

-0.879548    0.159681

-0.867603    0.161677

-0.867542    0.163673

-0.863725    0.165669

-0.861086    0.167665

-0.854979    0.169661

-0.853951    0.171657

-0.849501    0.173653

-0.84593    0.175649

-0.840667    0.177645

-0.838233    0.179641

-0.837469    0.181637

-0.835701    0.183633

-0.824144    0.185629

-0.820392    0.187625

-0.814364    0.189621

-0.811266    0.191617

-0.807186    0.193613

-0.789772    0.195609

-0.778154    0.197605

-0.767345    0.199601

-0.764886    0.201597

-0.763619    0.203593

-0.763301    0.205589

-0.761889    0.207585

-0.752725    0.209581

-0.752535    0.211577

-0.749457    0.213573

-0.742968    0.215569

-0.730581    0.217565

-0.728343    0.219561

-0.726786    0.221557

-0.726184    0.223553

-0.723137    0.225549

-0.721652    0.227545

-0.719878    0.229541

-0.719448    0.231537

-0.717678    0.233533

-0.712983    0.235529

-0.697434    0.237525

-0.693456    0.239521

-0.691864    0.241517

-0.691473    0.243513

-0.678703    0.245509

-0.675921    0.247505

-0.67556    0.249501

-0.671132    0.251497

-0.651163    0.253493

-0.650934    0.255489

-0.643321    0.257485

-0.631699    0.259481

-0.627294    0.261477

-0.623972    0.263473

-0.620834    0.265469

-0.613664    0.267465

-0.61296    0.269461

-0.611845    0.271457

-0.607483    0.273453

-0.597767    0.275449

-0.597401    0.277445

-0.594801    0.279441

-0.589868    0.281437

-0.581784    0.283433

-0.564707    0.285429

-0.561596    0.287425

-0.560737    0.289421

-0.560085    0.291417

-0.536487    0.293413

-0.531029    0.295409

-0.528247    0.297405

-0.523435    0.299401

-0.50138    0.301397

-0.501041    0.303393

-0.497043    0.305389

-0.491666    0.307385

-0.484887    0.309381

-0.480093    0.311377

-0.460128    0.313373

-0.455951    0.315369

-0.453834    0.317365

-0.451298    0.319361

-0.43655    0.321357

-0.430621    0.323353

-0.415311    0.325349

-0.411868    0.327345

-0.409495    0.329341

-0.405208    0.331337

-0.399833    0.333333

-0.393996    0.335329

-0.393596    0.337325

-0.389665    0.339321

-0.381377    0.341317

-0.372833    0.343313

-0.369668    0.345309

-0.366077    0.347305

-0.364604    0.349301

-0.356266    0.351297

-0.353435    0.353293

-0.343367    0.355289

-0.341033    0.357285

-0.328296    0.359281

-0.319535    0.361277

-0.311676    0.363273

-0.308128    0.365269

-0.294712    0.367265

-0.286857    0.369261

-0.286191    0.371257

-0.28363    0.373253

-0.2757    0.37525

-0.25831    0.377246

-0.251566    0.379242

-0.246483    0.381238

-0.245459    0.383234

-0.243155    0.38523

-0.226604    0.387226

-0.225038    0.389222

-0.21957    0.391218

-0.21882    0.393214

-0.214533    0.39521

-0.212766    0.397206

-0.207506    0.399202

-0.206447    0.401198

-0.202621    0.403194

-0.200775    0.40519

-0.199924    0.407186

-0.193909    0.409182

-0.192472    0.411178

-0.189703    0.413174

-0.180243    0.41517

-0.180164    0.417166

-0.1756    0.419162

-0.174284    0.421158

-0.173012    0.423154

-0.167083    0.42515

-0.164202    0.427146

-0.160044    0.429142

-0.158433    0.431138

-0.152479    0.433134

-0.148435    0.43513

-0.145045    0.437126

-0.14338    0.439122

-0.141585    0.441118

-0.136451    0.443114

-0.132385    0.44511

-0.130616    0.447106

-0.128064    0.449102

-0.113948    0.451098

-0.0859865    0.453094

-0.0837835    0.45509

-0.0792536    0.457086

-0.0533894    0.459082

-0.0438055    0.461078

-0.0405796    0.463074

-0.0352907    0.46507

-0.0287018    0.467066

-0.0266323    0.469062

-0.0233613    0.471058

-0.0210926    0.473054

-0.00806297    0.47505

-0.00578773    0.477046

0.00859184    0.479042

0.013655    0.481038

0.0161357    0.483034

0.0213355    0.48503

0.0217367    0.487026

0.0341662    0.489022

0.0366683    0.491018

0.0411491    0.493014

0.0416892    0.49501

0.0467777    0.497006

0.0469492    0.499002

0.0532255    0.500998

0.0580171    0.502994

0.0684254    0.50499

0.0708736    0.506986

0.0709047    0.508982

0.0756572    0.510978

0.0756865    0.512974

0.088693    0.51497

0.0896607    0.516966

0.0912708    0.518962

0.104377    0.520958

0.116466    0.522954

0.130245    0.52495

0.13489    0.526946

0.138171    0.528942

0.139762    0.530938

0.145201    0.532934

0.150029    0.53493

0.153677    0.536926

0.154643    0.538922

0.155804    0.540918

0.156277    0.542914

0.175922    0.54491

0.176106    0.546906

0.179525    0.548902

0.183571    0.550898

0.183664    0.552894

0.192033    0.55489

0.219916    0.556886

0.223539    0.558882

0.229854    0.560878

0.237546    0.562874

0.242876    0.56487

0.243058    0.566866

0.248383    0.568862

0.248563    0.570858

0.254698    0.572854

0.258847    0.57485

0.260858    0.576846

0.261562    0.578842

0.266956    0.580838

0.269613    0.582834

0.271342    0.58483

0.272175    0.586826

0.282776    0.588822

0.286093    0.590818

0.287106    0.592814

0.288175    0.59481

0.30215    0.596806

0.303372    0.598802

0.30874    0.600798

0.316146    0.602794

0.318674    0.60479

0.32008    0.606786

0.323498    0.608782

0.331511    0.610778

0.333556    0.612774

0.339832    0.61477

0.346047    0.616766

0.347678    0.618762

0.34958    0.620758

0.350286    0.622754

0.353461    0.62475

0.356391    0.626747

0.356587    0.628743

0.357707    0.630739

0.362296    0.632735

0.363959    0.634731

0.364722    0.636727

0.366588    0.638723

0.382553    0.640719

0.385338    0.642715

0.385614    0.644711

0.390133    0.646707

0.402646    0.648703

0.403525    0.650699

0.404842    0.652695

0.40682    0.654691

0.410683    0.656687

0.421716    0.658683

0.422977    0.660679

0.42352    0.662675

0.42398    0.664671

0.427755    0.666667

0.428129    0.668663

0.428719    0.670659

0.432961    0.672655

0.433152    0.674651

0.433194    0.676647

0.441872    0.678643

0.445644    0.680639

0.448261    0.682635

0.451055    0.684631

0.453588    0.686627

0.458502    0.688623

0.464632    0.690619

0.471943    0.692615

0.486812    0.694611

0.505202    0.696607

0.506395    0.698603

0.506773    0.700599

0.511128    0.702595

0.520497    0.704591

0.520835    0.706587

0.524278    0.708583

0.528836    0.710579

0.54034    0.712575

0.55215    0.714571

0.557466    0.716567

0.559616    0.718563

0.570914    0.720559

0.581257    0.722555

0.585874    0.724551

0.589367    0.726547

0.592128    0.728543

0.596381    0.730539

0.614954    0.732535

0.616167    0.734531

0.616592    0.736527

0.627564    0.738523

0.641229    0.740519

0.643534    0.742515

0.644115    0.744511

0.644547    0.746507

0.650835    0.748503

0.653193    0.750499

0.660115    0.752495

0.67011    0.754491

0.67404    0.756487

0.676104    0.758483

0.686057    0.760479

0.686165    0.762475

0.690047    0.764471

0.699236    0.766467

0.708735    0.768463

0.710318    0.770459

0.712207    0.772455

0.714293    0.774451

0.715196    0.776447

0.715638    0.778443

0.731612    0.780439

0.731752    0.782435

0.736809    0.784431

0.739588    0.786427

0.754465    0.788423

0.755997    0.790419

0.756907    0.792415

0.76746    0.794411

0.768259    0.796407

0.772777    0.798403

0.77631    0.800399

0.785754    0.802395

0.786002    0.804391

0.835746    0.806387

0.852158    0.808383

0.868048    0.810379

0.872131    0.812375

0.883001    0.814371

0.883896    0.816367

0.888853    0.818363

0.904641    0.820359

0.905125    0.822355

0.918665    0.824351

0.921903    0.826347

0.927836    0.828343

0.927948    0.830339

0.958567    0.832335

0.968206    0.834331

0.9708    0.836327

0.9715    0.838323

0.982811    0.840319

0.990696    0.842315

1.00369    0.844311

1.03066    0.846307

1.04828    0.848303

1.06396    0.850299

1.06447    0.852295

1.07582    0.854291

1.0882    0.856287

1.09716    0.858283

1.09735    0.860279

1.10532    0.862275

1.11951    0.864271

1.12434    0.866267

1.12544    0.868263

1.12771    0.870259

1.12976    0.872255

1.13482    0.874251

1.14769    0.876248

1.16832    0.878244

1.1725    0.88024

1.18827    0.882236

1.19309    0.884232

1.19396    0.886228

1.19706    0.888224

1.2212    0.89022

1.22198    0.892216

1.27914    0.894212

1.27934    0.896208

1.29089    0.898204

1.29434    0.9002

1.30293    0.902196

1.31149    0.904192

1.3139    0.906188

1.31964    0.908184

1.32287    0.91018

1.33631    0.912176

1.34865    0.914172

1.36312    0.916168

1.38027    0.918164

1.38246    0.92016

1.41861    0.922156

1.42753    0.924152

1.43213    0.926148

1.48246    0.928144

1.52778    0.93014

1.55333    0.932136

1.60068    0.934132

1.61875    0.936128

1.65021    0.938124

1.66048    0.94012

1.68714    0.942116

1.69677    0.944112

1.70951    0.946108

1.72638    0.948104

1.72729    0.9501

1.77686    0.952096

1.78372    0.954092

1.86666    0.956088

1.91772    0.958084

1.92432    0.96008

1.92947    0.962076

2.03499    0.964072

2.08469    0.966068

2.161    0.968064

2.16465    0.97006

2.18926    0.972056

2.23455    0.974052

2.2591    0.976048

2.27308    0.978044

2.37659    0.98004

2.40514    0.982036

2.44414    0.984032

2.45177    0.986028

2.6673    0.988024

2.76506    0.99002

3.0271    0.992016

3.15956    0.994012

3.17319    0.996008

