-2.95218    1

-2.90186    2

-2.82807    3

-2.50606    4

-2.40404    5

-2.30583    6

-2.17087    7

-2.15777    8

-2.12309    9

-2.10192    10

-2.08262    11

-2.07142    12

-2.03785    13

-1.97231    14

-1.94788    15

-1.80498    16

-1.737    17

-1.7264    18

-1.72102    19

-1.70034    20

-1.68236    21

-1.66159    22

-1.65792    23

-1.63394    24

-1.6322    25

-1.61679    26

-1.60405    27

-1.57687    28

-1.5675    29

-1.55878    30

-1.55167    31

-1.54487    32

-1.54472    33

-1.52911    34

-1.52814    35

-1.5194    36

-1.50861    37

-1.47222    38

-1.43326    39

-1.37987    40

-1.35267    41

-1.33958    42

-1.30543    43

-1.29443    44

-1.29361    45

-1.28307    46

-1.27651    47

-1.2592    48

-1.25853    49

-1.25193    50

-1.23256    51

-1.22069    52

-1.20961    53

-1.20907    54

-1.14514    55

-1.12906    56

-1.12377    57

-1.1237    58

-1.08695    59

-1.0756    60

-1.07318    61

-1.06712    62

-1.05916    63

-1.03393    64

-1.03324    65

-1.01028    66

-0.994645    67

-0.971364    68

-0.968008    69

-0.958538    70

-0.940582    71

-0.940081    72

-0.930171    73

-0.928179    74

-0.912659    75

-0.912296    76

-0.898093    77

-0.893488    78

-0.882792    79

-0.879629    80

-0.879548    81

-0.867603    82

-0.867542    83

-0.863725    84

-0.861086    85

-0.854979    86

-0.853951    87

-0.849501    88

-0.84593    89

-0.840667    90

-0.838233    91

-0.837469    92

-0.835701    93

-0.824144    94

-0.820392    95

-0.814364    96

-0.811266    97

-0.807186    98

-0.789772    99

-0.778154    100

-0.767345    101

-0.764886    102

-0.763619    103

-0.763301    104

-0.761889    105

-0.752725    106

-0.752535    107

-0.749457    108

-0.742968    109

-0.730581    110

-0.728343    111

-0.726786    112

-0.726184    113

-0.723137    114

-0.721652    115

-0.719878    116

-0.719448    117

-0.717678    118

-0.712983    119

-0.697434    120

-0.693456    121

-0.691864    122

-0.691473    123

-0.678703    124

-0.675921    125

-0.67556    126

-0.671132    127

-0.651163    128

-0.650934    129

-0.643321    130

-0.631699    131

-0.627294    132

-0.623972    133

-0.620834    134

-0.613664    135

-0.61296    136

-0.611845    137

-0.607483    138

-0.597767    139

-0.597401    140

-0.594801    141

-0.589868    142

-0.581784    143

-0.564707    144

-0.561596    145

-0.560737    146

-0.560085    147

-0.536487    148

-0.531029    149

-0.528247    150

-0.523435    151

-0.50138    152

-0.501041    153

-0.497043    154

-0.491666    155

-0.484887    156

-0.480093    157

-0.460128    158

-0.455951    159

-0.453834    160

-0.451298    161

-0.43655    162

-0.430621    163

-0.415311    164

-0.411868    165

-0.409495    166

-0.405208    167

-0.399833    168

-0.393996    169

-0.393596    170

-0.389665    171

-0.381377    172

-0.372833    173

-0.369668    174

-0.366077    175

-0.364604    176

-0.356266    177

-0.353435    178

-0.343367    179

-0.341033    180

-0.328296    181

-0.319535    182

-0.311676    183

-0.308128    184

-0.294712    185

-0.286857    186

-0.286191    187

-0.28363    188

-0.2757    189

-0.25831    190

-0.251566    191

-0.246483    192

-0.245459    193

-0.243155    194

-0.226604    195

-0.225038    196

-0.21957    197

-0.21882    198

-0.214533    199

-0.212766    200

-0.207506    201

-0.206447    202

-0.202621    203

-0.200775    204

-0.199924    205

-0.193909    206

-0.192472    207

-0.189703    208

-0.180243    209

-0.180164    210

-0.1756    211

-0.174284    212

-0.173012    213

-0.167083    214

-0.164202    215

-0.160044    216

-0.158433    217

-0.152479    218

-0.148435    219

-0.145045    220

-0.14338    221

-0.141585    222

-0.136451    223

-0.132385    224

-0.130616    225

-0.128064    226

-0.113948    227

-0.0859865    228

-0.0837835    229

-0.0792536    230

-0.0533894    231

-0.0438055    232

-0.0405796    233

-0.0352907    234

-0.0287018    235

-0.0266323    236

-0.0233613    237

-0.0210926    238

-0.00806297    239

-0.00578773    240

0.00859184    241

0.013655    242

0.0161357    243

0.0213355    244

0.0217367    245

0.0341662    246

0.0366683    247

0.0411491    248

0.0416892    249

0.0467777    250

0.0469492    251

0.0532255    252

0.0580171    253

0.0684254    254

0.0708736    255

0.0709047    256

0.0756572    257

0.0756865    258

0.088693    259

0.0896607    260

0.0912708    261

0.104377    262

0.116466    263

0.130245    264

0.13489    265

0.138171    266

0.139762    267

0.145201    268

0.150029    269

0.153677    270

0.154643    271

0.155804    272

0.156277    273

0.175922    274

0.176106    275

0.179525    276

0.183571    277

0.183664    278

0.192033    279

0.219916    280

0.223539    281

0.229854    282

0.237546    283

0.242876    284

0.243058    285

0.248383    286

0.248563    287

0.254698    288

0.258847    289

0.260858    290

0.261562    291

0.266956    292

0.269613    293

0.271342    294

0.272175    295

0.282776    296

0.286093    297

0.287106    298

0.288175    299

0.30215    300

0.303372    301

0.30874    302

0.316146    303

0.318674    304

0.32008    305

0.323498    306

0.331511    307

0.333556    308

0.339832    309

0.346047    310

0.347678    311

0.34958    312

0.350286    313

0.353461    314

0.356391    315

0.356587    316

0.357707    317

0.362296    318

0.363959    319

0.364722    320

0.366588    321

0.382553    322

0.385338    323

0.385614    324

0.390133    325

0.402646    326

0.403525    327

0.404842    328

0.40682    329

0.410683    330

0.421716    331

0.422977    332

0.42352    333

0.42398    334

0.427755    335

0.428129    336

0.428719    337

0.432961    338

0.433152    339

0.433194    340

0.441872    341

0.445644    342

0.448261    343

0.451055    344

0.453588    345

0.458502    346

0.464632    347

0.471943    348

0.486812    349

0.505202    350

0.506395    351

0.506773    352

0.511128    353

0.520497    354

0.520835    355

0.524278    356

0.528836    357

0.54034    358

0.55215    359

0.557466    360

0.559616    361

0.570914    362

0.581257    363

0.585874    364

0.589367    365

0.592128    366

0.596381    367

0.614954    368

0.616167    369

0.616592    370

0.627564    371

0.641229    372

0.643534    373

0.644115    374

0.644547    375

0.650835    376

0.653193    377

0.660115    378

0.67011    379

0.67404    380

0.676104    381

0.686057    382

0.686165    383

0.690047    384

0.699236    385

0.708735    386

0.710318    387

0.712207    388

0.714293    389

0.715196    390

0.715638    391

0.731612    392

0.731752    393

0.736809    394

0.739588    395

0.754465    396

0.755997    397

0.756907    398

0.76746    399

0.768259    400

0.772777    401

0.77631    402

0.785754    403

0.786002    404

0.835746    405

0.852158    406

0.868048    407

0.872131    408

0.883001    409

0.883896    410

0.888853    411

0.904641    412

0.905125    413

0.918665    414

0.921903    415

0.927836    416

0.927948    417

0.958567    418

0.968206    419

0.9708    420

0.9715    421

0.982811    422

0.990696    423

1.00369    424

1.03066    425

1.04828    426

1.06396    427

1.06447    428

1.07582    429

1.0882    430

1.09716    431

1.09735    432

1.10532    433

1.11951    434

1.12434    435

1.12544    436

1.12771    437

1.12976    438

1.13482    439

1.14769    440

1.16832    441

1.1725    442

1.18827    443

1.19309    444

1.19396    445

1.19706    446

1.2212    447

1.22198    448

1.27914    449

1.27934    450

1.29089    451

1.29434    452

1.30293    453

1.31149    454

1.3139    455

1.31964    456

1.32287    457

1.33631    458

1.34865    459

1.36312    460

1.38027    461

1.38246    462

1.41861    463

1.42753    464

1.43213    465

1.48246    466

1.52778    467

1.55333    468

1.60068    469

1.61875    470

1.65021    471

1.66048    472

1.68714    473

1.69677    474

1.70951    475

1.72638    476

1.72729    477

1.77686    478

1.78372    479

1.86666    480

1.91772    481

1.92432    482

1.92947    483

2.03499    484

2.08469    485

2.161    486

2.16465    487

2.18926    488

2.23455    489

2.2591    490

2.27308    491

2.37659    492

2.40514    493

2.44414    494

2.45177    495

2.6673    496

2.76506    497

3.0271    498

3.15956    499

3.17319    500

