-2.95218    0.00139888

-2.90186    0.00339728

-2.82807    0.00539568

-2.50606    0.00739408

-2.40404    0.00939249

-2.30583    0.0113909

-2.17087    0.0133893

-2.15777    0.0153877

-2.12309    0.0173861

-2.10192    0.0193845

-2.08262    0.0213829

-2.07142    0.0233813

-2.03785    0.0253797

-1.97231    0.0273781

-1.94788    0.0293765

-1.80498    0.0313749

-1.737    0.0333733

-1.7264    0.0353717

-1.72102    0.0373701

-1.70034    0.0393685

-1.68236    0.0413669

-1.66159    0.0433653

-1.65792    0.0453637

-1.63394    0.0473621

-1.6322    0.0493605

-1.61679    0.0513589

-1.60405    0.0533573

-1.57687    0.0553557

-1.5675    0.0573541

-1.55878    0.0593525

-1.55167    0.0613509

-1.54487    0.0633493

-1.54472    0.0653477

-1.52911    0.0673461

-1.52814    0.0693445

-1.5194    0.0713429

-1.50861    0.0733413

-1.47222    0.0753397

-1.43326    0.0773381

-1.37987    0.0793365

-1.35267    0.0813349

-1.33958    0.0833333

-1.30543    0.0853317

-1.29443    0.0873301

-1.29361    0.0893285

-1.28307    0.0913269

-1.27651    0.0933253

-1.2592    0.0953237

-1.25853    0.0973221

-1.25193    0.0993205

-1.23256    0.101319

-1.22069    0.103317

-1.20961    0.105316

-1.20907    0.107314

-1.14514    0.109313

-1.12906    0.111311

-1.12377    0.113309

-1.1237    0.115308

-1.08695    0.117306

-1.0756    0.119305

-1.07318    0.121303

-1.06712    0.123301

-1.05916    0.1253

-1.03393    0.127298

-1.03324    0.129297

-1.01028    0.131295

-0.994645    0.133293

-0.971364    0.135292

-0.968008    0.13729

-0.958538    0.139289

-0.940582    0.141287

-0.940081    0.143285

-0.930171    0.145284

-0.928179    0.147282

-0.912659    0.149281

-0.912296    0.151279

-0.898093    0.153277

-0.893488    0.155276

-0.882792    0.157274

-0.879629    0.159273

-0.879548    0.161271

-0.867603    0.163269

-0.867542    0.165268

-0.863725    0.167266

-0.861086    0.169265

-0.854979    0.171263

-0.853951    0.173261

-0.849501    0.17526

-0.84593    0.177258

-0.840667    0.179257

-0.838233    0.181255

-0.837469    0.183253

-0.835701    0.185252

-0.824144    0.18725

-0.820392    0.189249

-0.814364    0.191247

-0.811266    0.193245

-0.807186    0.195244

-0.789772    0.197242

-0.778154    0.199241

-0.767345    0.201239

-0.764886    0.203237

-0.763619    0.205236

-0.763301    0.207234

-0.761889    0.209233

-0.752725    0.211231

-0.752535    0.213229

-0.749457    0.215228

-0.742968    0.217226

-0.730581    0.219225

-0.728343    0.221223

-0.726786    0.223221

-0.726184    0.22522

-0.723137    0.227218

-0.721652    0.229217

-0.719878    0.231215

-0.719448    0.233213

-0.717678    0.235212

-0.712983    0.23721

-0.697434    0.239209

-0.693456    0.241207

-0.691864    0.243205

-0.691473    0.245204

-0.678703    0.247202

-0.675921    0.249201

-0.67556    0.251199

-0.671132    0.253197

-0.651163    0.255196

-0.650934    0.257194

-0.643321    0.259193

-0.631699    0.261191

-0.627294    0.263189

-0.623972    0.265188

-0.620834    0.267186

-0.613664    0.269185

-0.61296    0.271183

-0.611845    0.273181

-0.607483    0.27518

-0.597767    0.277178

-0.597401    0.279177

-0.594801    0.281175

-0.589868    0.283173

-0.581784    0.285172

-0.564707    0.28717

-0.561596    0.289169

-0.560737    0.291167

-0.560085    0.293165

-0.536487    0.295164

-0.531029    0.297162

-0.528247    0.299161

-0.523435    0.301159

-0.50138    0.303157

-0.501041    0.305156

-0.497043    0.307154

-0.491666    0.309153

-0.484887    0.311151

-0.480093    0.313149

-0.460128    0.315148

-0.455951    0.317146

-0.453834    0.319145

-0.451298    0.321143

-0.43655    0.323141

-0.430621    0.32514

-0.415311    0.327138

-0.411868    0.329137

-0.409495    0.331135

-0.405208    0.333133

-0.399833    0.335132

-0.393996    0.33713

-0.393596    0.339129

-0.389665    0.341127

-0.381377    0.343125

-0.372833    0.345124

-0.369668    0.347122

-0.366077    0.349121

-0.364604    0.351119

-0.356266    0.353118

-0.353435    0.355116

-0.343367    0.357114

-0.341033    0.359113

-0.328296    0.361111

-0.319535    0.36311

-0.311676    0.365108

-0.308128    0.367106

-0.294712    0.369105

-0.286857    0.371103

-0.286191    0.373102

-0.28363    0.3751

-0.2757    0.377098

-0.25831    0.379097

-0.251566    0.381095

-0.246483    0.383094

-0.245459    0.385092

-0.243155    0.38709

-0.226604    0.389089

-0.225038    0.391087

-0.21957    0.393086

-0.21882    0.395084

-0.214533    0.397082

-0.212766    0.399081

-0.207506    0.401079

-0.206447    0.403078

-0.202621    0.405076

-0.200775    0.407074

-0.199924    0.409073

-0.193909    0.411071

-0.192472    0.41307

-0.189703    0.415068

-0.180243    0.417066

-0.180164    0.419065

-0.1756    0.421063

-0.174284    0.423062

-0.173012    0.42506

-0.167083    0.427058

-0.164202    0.429057

-0.160044    0.431055

-0.158433    0.433054

-0.152479    0.435052

-0.148435    0.43705

-0.145045    0.439049

-0.14338    0.441047

-0.141585    0.443046

-0.136451    0.445044

-0.132385    0.447042

-0.130616    0.449041

-0.128064    0.451039

-0.113948    0.453038

-0.0859865    0.455036

-0.0837835    0.457034

-0.0792536    0.459033

-0.0533894    0.461031

-0.0438055    0.46303

-0.0405796    0.465028

-0.0352907    0.467026

-0.0287018    0.469025

-0.0266323    0.471023

-0.0233613    0.473022

-0.0210926    0.47502

-0.00806297    0.477018

-0.00578773    0.479017

0.00859184    0.481015

0.013655    0.483014

0.0161357    0.485012

0.0213355    0.48701

0.0217367    0.489009

0.0341662    0.491007

0.0366683    0.493006

0.0411491    0.495004

0.0416892    0.497002

0.0467777    0.499001

0.0469492    0.500999

0.0532255    0.502998

0.0580171    0.504996

0.0684254    0.506994

0.0708736    0.508993

0.0709047    0.510991

0.0756572    0.51299

0.0756865    0.514988

0.088693    0.516986

0.0896607    0.518985

0.0912708    0.520983

0.104377    0.522982

0.116466    0.52498

0.130245    0.526978

0.13489    0.528977

0.138171    0.530975

0.139762    0.532974

0.145201    0.534972

0.150029    0.53697

0.153677    0.538969

0.154643    0.540967

0.155804    0.542966

0.156277    0.544964

0.175922    0.546962

0.176106    0.548961

0.179525    0.550959

0.183571    0.552958

0.183664    0.554956

0.192033    0.556954

0.219916    0.558953

0.223539    0.560951

0.229854    0.56295

0.237546    0.564948

0.242876    0.566946

0.243058    0.568945

0.248383    0.570943

0.248563    0.572942

0.254698    0.57494

0.258847    0.576938

0.260858    0.578937

0.261562    0.580935

0.266956    0.582934

0.269613    0.584932

0.271342    0.58693

0.272175    0.588929

0.282776    0.590927

0.286093    0.592926

0.287106    0.594924

0.288175    0.596922

0.30215    0.598921

0.303372    0.600919

0.30874    0.602918

0.316146    0.604916

0.318674    0.606914

0.32008    0.608913

0.323498    0.610911

0.331511    0.61291

0.333556    0.614908

0.339832    0.616906

0.346047    0.618905

0.347678    0.620903

0.34958    0.622902

0.350286    0.6249

0.353461    0.626898

0.356391    0.628897

0.356587    0.630895

0.357707    0.632894

0.362296    0.634892

0.363959    0.63689

0.364722    0.638889

0.366588    0.640887

0.382553    0.642886

0.385338    0.644884

0.385614    0.646882

0.390133    0.648881

0.402646    0.650879

0.403525    0.652878

0.404842    0.654876

0.40682    0.656875

0.410683    0.658873

0.421716    0.660871

0.422977    0.66287

0.42352    0.664868

0.42398    0.666867

0.427755    0.668865

0.428129    0.670863

0.428719    0.672862

0.432961    0.67486

0.433152    0.676859

0.433194    0.678857

0.441872    0.680855

0.445644    0.682854

0.448261    0.684852

0.451055    0.686851

0.453588    0.688849

0.458502    0.690847

0.464632    0.692846

0.471943    0.694844

0.486812    0.696843

0.505202    0.698841

0.506395    0.700839

0.506773    0.702838

0.511128    0.704836

0.520497    0.706835

0.520835    0.708833

0.524278    0.710831

0.528836    0.71283

0.54034    0.714828

0.55215    0.716827

0.557466    0.718825

0.559616    0.720823

0.570914    0.722822

0.581257    0.72482

0.585874    0.726819

0.589367    0.728817

0.592128    0.730815

0.596381    0.732814

0.614954    0.734812

0.616167    0.736811

0.616592    0.738809

0.627564    0.740807

0.641229    0.742806

0.643534    0.744804

0.644115    0.746803

0.644547    0.748801

0.650835    0.750799

0.653193    0.752798

0.660115    0.754796

0.67011    0.756795

0.67404    0.758793

0.676104    0.760791

0.686057    0.76279

0.686165    0.764788

0.690047    0.766787

0.699236    0.768785

0.708735    0.770783

0.710318    0.772782

0.712207    0.77478

0.714293    0.776779

0.715196    0.778777

0.715638    0.780775

0.731612    0.782774

0.731752    0.784772

0.736809    0.786771

0.739588    0.788769

0.754465    0.790767

0.755997    0.792766

0.756907    0.794764

0.76746    0.796763

0.768259    0.798761

0.772777    0.800759

0.77631    0.802758

0.785754    0.804756

0.786002    0.806755

0.835746    0.808753

0.852158    0.810751

0.868048    0.81275

0.872131    0.814748

0.883001    0.816747

0.883896    0.818745

0.888853    0.820743

0.904641    0.822742

0.905125    0.82474

0.918665    0.826739

0.921903    0.828737

0.927836    0.830735

0.927948    0.832734

0.958567    0.834732

0.968206    0.836731

0.9708    0.838729

0.9715    0.840727

0.982811    0.842726

0.990696    0.844724

1.00369    0.846723

1.03066    0.848721

1.04828    0.850719

1.06396    0.852718

1.06447    0.854716

1.07582    0.856715

1.0882    0.858713

1.09716    0.860711

1.09735    0.86271

1.10532    0.864708

1.11951    0.866707

1.12434    0.868705

1.12544    0.870703

1.12771    0.872702

1.12976    0.8747

1.13482    0.876699

1.14769    0.878697

1.16832    0.880695

1.1725    0.882694

1.18827    0.884692

1.19309    0.886691

1.19396    0.888689

1.19706    0.890687

1.2212    0.892686

1.22198    0.894684

1.27914    0.896683

1.27934    0.898681

1.29089    0.900679

1.29434    0.902678

1.30293    0.904676

1.31149    0.906675

1.3139    0.908673

1.31964    0.910671

1.32287    0.91267

1.33631    0.914668

1.34865    0.916667

1.36312    0.918665

1.38027    0.920663

1.38246    0.922662

1.41861    0.92466

1.42753    0.926659

1.43213    0.928657

1.48246    0.930655

1.52778    0.932654

1.55333    0.934652

1.60068    0.936651

1.61875    0.938649

1.65021    0.940647

1.66048    0.942646

1.68714    0.944644

1.69677    0.946643

1.70951    0.948641

1.72638    0.950639

1.72729    0.952638

1.77686    0.954636

1.78372    0.956635

1.86666    0.958633

1.91772    0.960631

1.92432    0.96263

1.92947    0.964628

2.03499    0.966627

2.08469    0.968625

2.161    0.970624

2.16465    0.972622

2.18926    0.97462

2.23455    0.976619

2.2591    0.978617

2.27308    0.980616

2.37659    0.982614

2.40514    0.984612

2.44414    0.986611

2.45177    0.988609

2.6673    0.990608

2.76506    0.992606

3.0271    0.994604

3.15956    0.996603

3.17319    0.998601

