1.01869    0.00990099

1.47279    0.019802

2.34224    0.029703

2.58614    0.039604

2.63314    0.049505

2.88212    0.0594059

2.88496    0.0693069

3.61975    0.0792079

3.87285    0.0891089

4.40002    0.0990099

4.55849    0.108911

4.81553    0.118812

4.85308    0.128713

4.96651    0.138614

5.03723    0.148515

5.15908    0.158416

5.2486    0.168317

5.66179    0.178218

5.82281    0.188119

5.85039    0.19802

5.97371    0.207921

6.03209    0.217822

6.0658    0.227723

6.26279    0.237624

6.27784    0.247525

6.43338    0.257426

6.54931    0.267327

6.6805    0.277228

6.70602    0.287129

6.71904    0.29703

6.84702    0.306931

7.07176    0.316832

7.15488    0.326733

7.33292    0.336634

7.89303    0.346535

8.20717    0.356436

8.23521    0.366337

8.47563    0.376238

8.52145    0.386139

8.54312    0.39604

8.93284    0.405941

9.2504    0.415842

9.28027    0.425743

9.35069    0.435644

9.48203    0.445545

9.51252    0.455446

9.61849    0.465347

9.7109    0.475248

9.96653    0.485149

10.1102    0.49505

10.1543    0.50495

10.1936    0.514851

10.2463    0.524752

10.3858    0.534653

10.744    0.544554

10.745    0.554455

10.8504    0.564356

10.8812    0.574257

10.9716    0.584158

11.3564    0.594059

11.3789    0.60396

11.4551    0.613861

11.5658    0.623762

11.8144    0.633663

11.9492    0.643564

11.9641    0.653465

12.0292    0.663366

12.1603    0.673267

12.3624    0.683168

12.3829    0.693069

12.41    0.70297

12.4786    0.712871

12.581    0.722772

12.7724    0.732673

13.2847    0.742574

13.3579    0.752475

13.3586    0.762376

13.3823    0.772277

13.5061    0.782178

13.6365    0.792079

13.8569    0.80198

13.8897    0.811881

13.9115    0.821782

15.2017    0.831683

15.9295    0.841584

16.0727    0.851485

16.1108    0.861386

16.1711    0.871287

16.7288    0.881188

17.1068    0.891089

17.2046    0.90099

18.0794    0.910891

19.5638    0.920792

19.9634    0.930693

21.0304    0.940594

23.0579    0.950495

23.0832    0.960396

23.2543    0.970297

23.8388    0.980198

24.5641    0.990099

