6.03209
5.66179
3.87285
19.9634
23.0579
13.8569
13.9115
2.63314
5.15908
10.8504
10.744
13.3823
4.55849
7.33292
23.8388
6.27784
17.1068
13.2847
8.23521
6.26279
7.15488
6.6805
11.8144
8.20717
17.2046
18.0794
1.47279
10.1543
10.8812
13.3586
11.5658
4.85308
4.40002
2.88212
4.81553
13.6365
6.84702
23.0832
7.07176
16.1108
9.2504
16.0727
12.1603
7.89303
11.9492
10.1102
5.82281
9.7109
9.28027
13.3579
19.5638
2.58614
10.3858
15.9295
5.2486
10.2463
11.3564
4.96651
9.48203
8.54312
11.4551
21.0304
13.8897
2.34224
13.5061
5.03723
9.61849
12.3624
8.52145
9.35069
1.01869
6.43338
12.7724
12.0292
5.85039
9.51252
24.5641
11.9641
16.7288
12.4786
6.71904
3.61975
9.96653
11.3789
6.70602
16.1711
2.88496
10.9716
10.745
12.581
23.2543
6.54931
15.2017
6.0658
10.1936
8.47563
12.41
8.93284
12.3829
5.97371
