9.39529
9.29572
8.72061
11.49
11.7719
10.8057
10.8129
8.17275
9.15149
10.3703
10.3531
10.7426
8.96298
9.70896
11.838
9.4586
11.1955
10.7294
9.90031
9.45478
9.66891
9.558
10.5198
9.89463
11.2062
11.3001
7.41194
10.2553
10.3752
10.7394
10.4822
9.05787
8.9098
8.29788
9.04604
10.7766
9.59766
11.7741
9.64993
11.0831
10.0958
11.0787
10.571
9.8299
10.5399
10.2478
9.33966
10.1786
10.1012
10.7393
11.451
8.14803
10.2943
11.062
9.17801
10.2709
10.4501
9.09313
10.1378
9.96161
10.4653
11.5911
10.81
8.01342
10.7592
9.11478
10.1622
10.6003
9.95736
10.1141
6.96638
9.49761
10.6587
10.5517
9.34709
10.1433
11.8979
10.5421
11.1535
10.617
9.56726
8.62206
10.2232
10.4536
9.56413
11.0901
8.29925
10.3897
10.3533
10.6316
11.7887
9.52618
10.9754
9.4041
10.262
9.94833
10.6072
10.0366
10.6033
9.37994
